--------[ 2018-08-01 00:00:00 -0500 ]
L.prl1.detmap =
    31  9    0  15
    31  8   12  12
    31  10   0  15
    31  8   13  13

--------[ 2018-05-03 00:00:00 -0500 ]
L.prl1.pedestals =
        301.65
        303.353
        230.783
        269.329
        390.282
        307.669
        347.142
        331.274
        364.779
        319.565
        339.025
        277.219
        348.35
        248.286
        289.636
        422.271
        251.312
        368.316
        360.715
        285.321
        336.873
        606.817
        440.635
        511.37
        547.869
        481.828
        312.954
        511.921
        329.137
        497.933
        428.359
        475.965
        482.979
        318.671
L.prl1.gains =
        1.27777
        1.2382
        1.08744
        1.02286
        1.13068
        1.04872
        0.969231
        0.985385
        1.00536
        1.11845
        1.10034
        1.04995
        1.08157
        1.01469
        1.00864
        1.02219
        1.3906
        1.22004
        1.15744
        1.37726
        0.91562
        0.971419
        1.29292
        1.16934
        1.03008
        1.05582
        1.00518
        1.09853
        1.04038
        1.026
        0.945552
        0.951946
        1.06547
        4.41058

--------[ 2017-03-01 00:00:00 -0500 ]

L.prl1.detmap =
    3  20   0  15
    3  20  32  32
    3  18  32  47
    3  20  33  33
L.prl1.position = -0.2  0  4.58
L.prl1.size = 1.254  0.325  0.1475
L.prl1.ncols = 2
L.prl1.nrows = 17
L.prl1.xy = 1.18  0.1625
L.prl1.dxdy = -0.1475  -0.325
L.prl1.emin = 11
L.prl1.pedestals =
   302.173
   303.882
   231.134
   269.547
    389.94
    308.16
   347.491
   331.099
    364.52
   320.111
   339.272
    277.78
    348.17
   248.268
   289.758
   422.462
    251.28
   368.249
   360.265
   284.966
   336.705
   606.095
   440.293
   511.062
   547.639
    481.44
   313.008
   511.678
   329.639
   497.268
   427.667
   476.046
   482.622
     318.4
L.prl1.gains =
        1.35363
        1.23379
        1.08582
        1.00203
        1.13238
        1.04915
       0.971345
       0.986272
        1.00788
        1.12738
        1.11834
        1.05179
        1.10247
        1.03534
        1.03643
        1.08225
        1.77816
        1.40827
        1.17877
        1.35548
       0.964793
       0.975199
        1.30178
         1.1909
        1.05879
        1.07474
        1.02021
        1.11948
        1.04733
        1.05664
       0.973913
       0.971198
        1.06078
        1.68174
