--------[ 2018-04-12 00:00:00 -0500 ]

L.vdc.tdc.hits = 6
L.vdc.nwires = 368
L.vdc.wire.spacing = -0.0042426
L.vdc.tdc.min = 800
L.vdc.tdc.max = 4000
L.vdc.tdc.res = 5e-10
L.vdc.ttd.param =
    2.12e-03   0.00e+00   0.00e+00   0.00e+00
   -4.20e-04   1.30e-03   1.06e-04   0.00e+00
    4.00e-09
L.vdc.t0.res = 6e-08
L.vdc.clust.minsize = 3
L.vdc.clust.maxspan = 7
L.vdc.maxgap = 0
L.vdc.tdiff.min = 3e-08
L.vdc.tdiff.max = 2.0e-07
L.vdc.u1.detmap =
     4   10    0   95    0
     4    9    0   95   96
     4    8    0   95  192
     4    7    0   79  288
L.vdc.u1.position = 0  0  0
L.vdc.u1.wire.start = 0.77852
L.vdc.u1.wire.angle = -45
L.vdc.u1.driftvel = 49280
L.vdc.u1.tdc.offsets =
    2878.3 2878.3 2878.3 2878.3 2878.3 2878.3 2878.3 2878.3 
2878.3 2878.3 2878.3 2878.3 2878.3 2878.3 2878.3 2878.3 
2874.5 2874.5 2874.5 2874.5 2874.5 2874.5 2874.5 2874.5 
2874.5 2874.5 2874.5 2874.5 2874.5 2874.5 2874.5 2874.5 
2874.1 2874.1 2874.1 2874.1 2874.1 2874.1 2874.1 2874.1 
2874.1 2874.1 2874.1 2874.1 2874.1 2874.1 2874.1 2874.1 
2869.5 2869.5 2869.5 2869.5 2869.5 2869.5 2869.5 2869.5 
2869.5 2869.5 2869.5 2869.5 2869.5 2869.5 2869.5 2869.5 
2873.0 2873.0 2873.0 2873.0 2873.0 2873.0 2873.0 2873.0 
2873.0 2873.0 2873.0 2873.0 2873.0 2873.0 2873.0 2873.0 
2873.3 2873.3 2873.3 2873.3 2873.3 2873.3 2873.3 2873.3 
2873.3 2873.3 2873.3 2873.3 2873.3 2873.3 2873.3 2873.3 
2879.0 2879.0 2879.0 2879.0 2879.0 2879.0 2879.0 2879.0 
2879.0 2879.0 2879.0 2879.0 2879.0 2879.0 2879.0 2879.0 
2877.8 2877.8 2877.8 2877.8 2877.8 2877.8 2877.8 2877.8 
2877.8 2877.8 2877.8 2877.8 2877.8 2877.8 2877.8 2877.8 
2876.9 2876.9 2876.9 2876.9 2876.9 2876.9 2876.9 2876.9 
2876.9 2876.9 2876.9 2876.9 2876.9 2876.9 2876.9 2876.9 
2873.9 2873.9 2873.9 2873.9 2873.9 2873.9 2873.9 2873.9 
2873.9 2873.9 2873.9 2873.9 2873.9 2873.9 2873.9 2873.9 
2872.3 2872.3 2872.3 2872.3 2872.3 2872.3 2872.3 2872.3 
2872.3 2872.3 2872.3 2872.3 2872.3 2872.3 2872.3 2872.3 
2871.0 2871.0 2871.0 2871.0 2871.0 2871.0 2871.0 2871.0 
2871.0 2871.0 2871.0 2871.0 2871.0 2871.0 2871.0 2871.0 
2880.8 2880.8 2880.8 2880.8 2880.8 2880.8 2880.8 2880.8 
2880.8 2880.8 2880.8 2880.8 2880.8 2880.8 2880.8 2880.8 
2877.5 2877.5 2877.5 2877.5 2877.5 2877.5 2877.5 2877.5 
2877.5 2877.5 2877.5 2877.5 2877.5 2877.5 2877.5 2877.5 
2878.6 2878.6 2878.6 2878.6 2878.6 2878.6 2878.6 2878.6 
2878.6 2878.6 2878.6 2878.6 2878.6 2878.6 2878.6 2878.6 
2875.4 2875.4 2875.4 2875.4 2875.4 2875.4 2875.4 2875.4 
2875.4 2875.4 2875.4 2875.4 2875.4 2875.4 2875.4 2875.4 
2880.3 2880.3 2880.3 2880.3 2880.3 2880.3 2880.3 2880.3 
2880.3 2880.3 2880.3 2880.3 2880.3 2880.3 2880.3 2880.3 
2879.2 2879.2 2879.2 2879.2 2879.2 2879.2 2879.2 2879.2 
2879.2 2879.2 2879.2 2879.2 2879.2 2879.2 2879.2 2879.2 
2880.8 2880.8 2880.8 2880.8 2880.8 2880.8 2880.8 2880.8 
2880.8 2880.8 2880.8 2880.8 2880.8 2880.8 2880.8 2880.8 
2877.9 2877.9 2877.9 2877.9 2877.9 2877.9 2877.9 2877.9 
2877.9 2877.9 2877.9 2877.9 2877.9 2877.9 2877.9 2877.9 
2879.1 2879.1 2879.1 2879.1 2879.1 2879.1 2879.1 2879.1 
2879.1 2879.1 2879.1 2879.1 2879.1 2879.1 2879.1 2879.1 
2877.5 2877.5 2877.5 2877.5 2877.5 2877.5 2877.5 2877.5 
2877.5 2877.5 2877.5 2877.5 2877.5 2877.5 2877.5 2877.5 
2881.1 2881.1 2881.1 2881.1 2881.1 2881.1 2881.1 2881.1 
2881.1 2881.1 2881.1 2881.1 2881.1 2881.1 2881.1 2881.1
L.vdc.v1.detmap =
     5   20    0   95    0
     5   19    0   95   96
     5   18    0   95  192
     5   17    0   79  288
L.vdc.v1.position = 0  0  0.026
L.vdc.v1.wire.start = 0.77852
L.vdc.v1.wire.angle = 45
L.vdc.v1.driftvel = 49130
L.vdc.v1.tdc.offsets =
    2880.4 2880.4 2880.4 2880.4 2880.4 2880.4 2880.4 2880.4 
2880.4 2880.4 2880.4 2880.4 2880.4 2880.4 2880.4 2880.4 
2878.0 2878.0 2878.0 2878.0 2878.0 2878.0 2878.0 2878.0 
2878.0 2878.0 2878.0 2878.0 2878.0 2878.0 2878.0 2878.0 
2879.3 2879.3 2879.3 2879.3 2879.3 2879.3 2879.3 2879.3 
2879.3 2879.3 2879.3 2879.3 2879.3 2879.3 2879.3 2879.3 
2878.8 2878.8 2878.8 2878.8 2878.8 2878.8 2878.8 2878.8 
2878.8 2878.8 2878.8 2878.8 2878.8 2878.8 2878.8 2878.8 
2877.9 2877.9 2877.9 2877.9 2877.9 2877.9 2877.9 2877.9 
2877.9 2877.9 2877.9 2877.9 2877.9 2877.9 2877.9 2877.9 
2877.5 2877.5 2877.5 2877.5 2877.5 2877.5 2877.5 2877.5 
2877.5 2877.5 2877.5 2877.5 2877.5 2877.5 2877.5 2877.5 
2883.6 2883.6 2883.6 2883.6 2883.6 2883.6 2883.6 2883.6 
2883.6 2883.6 2883.6 2883.6 2883.6 2883.6 2883.6 2883.6 
2882.5 2882.5 2882.5 2882.5 2882.5 2882.5 2882.5 2882.5 
2882.5 2882.5 2882.5 2882.5 2882.5 2882.5 2882.5 2882.5 
2882.9 2882.9 2882.9 2882.9 2882.9 2882.9 2882.9 2882.9 
2882.9 2882.9 2882.9 2882.9 2882.9 2882.9 2882.9 2882.9 
2880.8 2880.8 2880.8 2880.8 2880.8 2880.8 2880.8 2880.8 
2880.8 2880.8 2880.8 2880.8 2880.8 2880.8 2880.8 2880.8 
2881.7 2881.7 2881.7 2881.7 2881.7 2881.7 2881.7 2881.7 
2881.7 2881.7 2881.7 2881.7 2881.7 2881.7 2881.7 2881.7 
2879.6 2879.6 2879.6 2879.6 2879.6 2879.6 2879.6 2879.6 
2879.6 2879.6 2879.6 2879.6 2879.6 2879.6 2879.6 2879.6 
2882.8 2882.8 2882.8 2882.8 2882.8 2882.8 2882.8 2882.8 
2882.8 2882.8 2882.8 2882.8 2882.8 2882.8 2882.8 2882.8 
2881.8 2881.8 2881.8 2881.8 2881.8 2881.8 2881.8 2881.8 
2881.8 2881.8 2881.8 2881.8 2881.8 2881.8 2881.8 2881.8 
2882.7 2882.7 2882.7 2882.7 2882.7 2882.7 2882.7 2882.7 
2882.7 2882.7 2882.7 2882.7 2882.7 2882.7 2882.7 2882.7 
2883.7 2883.7 2883.7 2883.7 2883.7 2883.7 2883.7 2883.7 
2883.7 2883.7 2883.7 2883.7 2883.7 2883.7 2883.7 2883.7 
2884.8 2884.8 2884.8 2884.8 2884.8 2884.8 2884.8 2884.8 
2884.8 2884.8 2884.8 2884.8 2884.8 2884.8 2884.8 2884.8 
2885.4 2885.4 2885.4 2885.4 2885.4 2885.4 2885.4 2885.4 
2885.4 2885.4 2885.4 2885.4 2885.4 2885.4 2885.4 2885.4 
2889.2 2889.2 2889.2 2889.2 2889.2 2889.2 2889.2 2889.2 
2889.2 2889.2 2889.2 2889.2 2889.2 2889.2 2889.2 2889.2 
2885.7 2885.7 2885.7 2885.7 2885.7 2885.7 2885.7 2885.7 
2885.7 2885.7 2885.7 2885.7 2885.7 2885.7 2885.7 2885.7 
2885.4 2885.4 2885.4 2885.4 2885.4 2885.4 2885.4 2885.4 
2885.4 2885.4 2885.4 2885.4 2885.4 2885.4 2885.4 2885.4 
2885.1 2885.1 2885.1 2885.1 2885.1 2885.1 2885.1 2885.1 
2885.1 2885.1 2885.1 2885.1 2885.1 2885.1 2885.1 2885.1 
2883.0 2883.0 2883.0 2883.0 2883.0 2883.0 2883.0 2883.0 
2883.0 2883.0 2883.0 2883.0 2883.0 2883.0 2883.0 2883.0 

L.vdc.u2.detmap =
     4    3    0   95    0
     4    4    0   95   96
     4    5    0   95  192
     4    6    0   79  288
L.vdc.u2.position = 0  0  0.3348
L.vdc.u2.wire.start = 1.02718
L.vdc.u2.wire.angle = -45
L.vdc.u2.driftvel = 49730
L.vdc.u2.tdc.offsets =
    2867.9 2867.9 2867.9 2867.9 2867.9 2867.9 2867.9 2867.9 
2867.9 2867.9 2867.9 2867.9 2867.9 2867.9 2867.9 2867.9 
2864.3 2864.3 2864.3 2864.3 2864.3 2864.3 2864.3 2864.3 
2864.3 2864.3 2864.3 2864.3 2864.3 2864.3 2864.3 2864.3 
2863.3 2863.3 2863.3 2863.3 2863.3 2863.3 2863.3 2863.3 
2863.3 2863.3 2863.3 2863.3 2863.3 2863.3 2863.3 2863.3 
2865.8 2865.8 2865.8 2865.8 2865.8 2865.8 2865.8 2865.8 
2865.8 2865.8 2865.8 2865.8 2865.8 2865.8 2865.8 2865.8 
2865.3 2865.3 2865.3 2865.3 2865.3 2865.3 2865.3 2865.3 
2865.3 2865.3 2865.3 2865.3 2865.3 2865.3 2865.3 2865.3 
2864.3 2864.3 2864.3 2864.3 2864.3 2864.3 2864.3 2864.3 
2864.3 2864.3 2864.3 2864.3 2864.3 2864.3 2864.3 2864.3 
2872.3 2872.3 2872.3 2872.3 2872.3 2872.3 2872.3 2872.3 
2872.3 2872.3 2872.3 2872.3 2872.3 2872.3 2872.3 2872.3 
2870.1 2870.1 2870.1 2870.1 2870.1 2870.1 2870.1 2870.1 
2870.1 2870.1 2870.1 2870.1 2870.1 2870.1 2870.1 2870.1 
2870.7 2870.7 2870.7 2870.7 2870.7 2870.7 2870.7 2870.7 
2870.7 2870.7 2870.7 2870.7 2870.7 2870.7 2870.7 2870.7 
2867.4 2867.4 2867.4 2867.4 2867.4 2867.4 2867.4 2867.4 
2867.4 2867.4 2867.4 2867.4 2867.4 2867.4 2867.4 2867.4 
2869.4 2869.4 2869.4 2869.4 2869.4 2869.4 2869.4 2869.4 
2869.4 2869.4 2869.4 2869.4 2869.4 2869.4 2869.4 2869.4 
2869.3 2869.3 2869.3 2869.3 2869.3 2869.3 2869.3 2869.3 
2869.3 2869.3 2869.3 2869.3 2869.3 2869.3 2869.3 2869.3 
2869.9 2869.9 2869.9 2869.9 2869.9 2869.9 2869.9 2869.9 
2869.9 2869.9 2869.9 2869.9 2869.9 2869.9 2869.9 2869.9 
2870.7 2870.7 2870.7 2870.7 2870.7 2870.7 2870.7 2870.7 
2870.7 2870.7 2870.7 2870.7 2870.7 2870.7 2870.7 2870.7 
2874.8 2874.8 2874.8 2874.8 2874.8 2874.8 2874.8 2874.8 
2874.8 2874.8 2874.8 2874.8 2874.8 2874.8 2874.8 2874.8 
2871.5 2871.5 2871.5 2871.5 2871.5 2871.5 2871.5 2871.5 
2871.5 2871.5 2871.5 2871.5 2871.5 2871.5 2871.5 2871.5 
2871.5 2871.5 2871.5 2871.5 2871.5 2871.5 2871.5 2871.5 
2871.5 2871.5 2871.5 2871.5 2871.5 2871.5 2871.5 2871.5 
2870.8 2870.8 2870.8 2870.8 2870.8 2870.8 2870.8 2870.8 
2870.8 2870.8 2870.8 2870.8 2870.8 2870.8 2870.8 2870.8 
2879.6 2879.6 2879.6 2879.6 2879.6 2879.6 2879.6 2879.6 
2879.6 2879.6 2879.6 2879.6 2879.6 2879.6 2879.6 2879.6 
2876.2 2876.2 2876.2 2876.2 2876.2 2876.2 2876.2 2876.2 
2876.2 2876.2 2876.2 2876.2 2876.2 2876.2 2876.2 2876.2 
2876.9 2876.9 2876.9 2876.9 2876.9 2876.9 2876.9 2876.9 
2876.9 2876.9 2876.9 2876.9 2876.9 2876.9 2876.9 2876.9 
2872.8 2872.8 2872.8 2872.8 2872.8 2872.8 2872.8 2872.8 
2872.8 2872.8 2872.8 2872.8 2872.8 2872.8 2872.8 2872.8 
2873.0 2873.0 2873.0 2873.0 2873.0 2873.0 2873.0 2873.0 
2873.0 2873.0 2873.0 2873.0 2873.0 2873.0 2873.0 2873.0 
L.vdc.v2.detmap =
     5   24    0   95    0
     5   23    0   95   96
     5   22    0   95  192
     5   21    0   79  288
L.vdc.v2.position = 0  0  0.3609
L.vdc.v2.wire.start = 1.02718
L.vdc.v2.wire.angle = 45
L.vdc.v2.driftvel = 49190
L.vdc.v2.tdc.offsets =
   2877.0 2877.0 2877.0 2877.0 2877.0 2877.0 2877.0 2877.0 
2877.0 2877.0 2877.0 2877.0 2877.0 2877.0 2877.0 2877.0 
2872.5 2872.5 2872.5 2872.5 2872.5 2872.5 2872.5 2872.5 
2872.5 2872.5 2872.5 2872.5 2872.5 2872.5 2872.5 2872.5 
2876.0 2876.0 2876.0 2876.0 2876.0 2876.0 2876.0 2876.0 
2876.0 2876.0 2876.0 2876.0 2876.0 2876.0 2876.0 2876.0 
2872.8 2872.8 2872.8 2872.8 2872.8 2872.8 2872.8 2872.8 
2872.8 2872.8 2872.8 2872.8 2872.8 2872.8 2872.8 2872.8 
2874.3 2874.3 2874.3 2874.3 2874.3 2874.3 2874.3 2874.3 
2874.3 2874.3 2874.3 2874.3 2874.3 2874.3 2874.3 2874.3 
2873.6 2873.6 2873.6 2873.6 2873.6 2873.6 2873.6 2873.6 
2873.6 2873.6 2873.6 2873.6 2873.6 2873.6 2873.6 2873.6 
2879.8 2879.8 2879.8 2879.8 2879.8 2879.8 2879.8 2879.8 
2879.8 2879.8 2879.8 2879.8 2879.8 2879.8 2879.8 2879.8 
2878.9 2878.9 2878.9 2878.9 2878.9 2878.9 2878.9 2878.9 
2878.9 2878.9 2878.9 2878.9 2878.9 2878.9 2878.9 2878.9 
2877.6 2877.6 2877.6 2877.6 2877.6 2877.6 2877.6 2877.6 
2877.6 2877.6 2877.6 2877.6 2877.6 2877.6 2877.6 2877.6 
2873.4 2873.4 2873.4 2873.4 2873.4 2873.4 2873.4 2873.4 
2873.4 2873.4 2873.4 2873.4 2873.4 2873.4 2873.4 2873.4 
2876.1 2876.1 2876.1 2876.1 2876.1 2876.1 2876.1 2876.1 
2876.1 2876.1 2876.1 2876.1 2876.1 2876.1 2876.1 2876.1 
2872.6 2872.6 2872.6 2872.6 2872.6 2872.6 2872.6 2872.6 
2872.6 2872.6 2872.6 2872.6 2872.6 2872.6 2872.6 2872.6 
2879.2 2879.2 2879.2 2879.2 2879.2 2879.2 2879.2 2879.2 
2879.2 2879.2 2879.2 2879.2 2879.2 2879.2 2879.2 2879.2 
2876.7 2876.7 2876.7 2876.7 2876.7 2876.7 2876.7 2876.7 
2876.7 2876.7 2876.7 2876.7 2876.7 2876.7 2876.7 2876.7 
2879.0 2879.0 2879.0 2879.0 2879.0 2879.0 2879.0 2879.0 
2879.0 2879.0 2879.0 2879.0 2879.0 2879.0 2879.0 2879.0 
2878.8 2878.8 2878.8 2878.8 2878.8 2878.8 2878.8 2878.8 
2878.8 2878.8 2878.8 2878.8 2878.8 2878.8 2878.8 2878.8 
2879.4 2879.4 2879.4 2879.4 2879.4 2879.4 2879.4 2879.4 
2879.4 2879.4 2879.4 2879.4 2879.4 2879.4 2879.4 2879.4 
2878.6 2878.6 2878.6 2878.6 2878.6 2878.6 2878.6 2878.6 
2878.6 2878.6 2878.6 2878.6 2878.6 2878.6 2878.6 2878.6 
2885.0 2885.0 2885.0 2885.0 2885.0 2885.0 2885.0 2885.0 
2885.0 2885.0 2885.0 2885.0 2885.0 2885.0 2885.0 2885.0 
2881.2 2881.2 2881.2 2881.2 2881.2 2881.2 2881.2 2881.2 
2881.2 2881.2 2881.2 2881.2 2881.2 2881.2 2881.2 2881.2 
2882.1 2882.1 2882.1 2882.1 2882.1 2882.1 2882.1 2882.1 
2882.1 2882.1 2882.1 2882.1 2882.1 2882.1 2882.1 2882.1 
2882.6 2882.6 2882.6 2882.6 2882.6 2882.6 2882.6 2882.6 
2882.6 2882.6 2882.6 2882.6 2882.6 2882.6 2882.6 2882.6 
2874.8 2874.8 2874.8 2874.8 2874.8 2874.8 2874.8 2874.8 
2874.8 2874.8 2874.8 2874.8 2874.8 2874.8 2874.8 2874.8
L.vdc.matrixelem = 
t 0 0 0  -1.001124E+00 -3.340060E-01 -4.288178E-02  2.191335E-03
y 0 0 0  -8.296927E-03  1.507282E-03  1.886011E-03 -2.276948E-03
p 0 0 0  -2.015241E-03 -2.549668E-03  7.894894E-04  1.443433E-03
D 0 0 0   8.408810E-04  8.442057E-02  9.449486E-03  1.401268E-03  5.804766E-03  
D 1 0 0  -6.863472E-02  2.633718E-01  1.096637E-02 -7.253321E-02
D 2 0 0  -8.709827E-01  1.083691E+00  1.003629E+00   
D 3 0 0   5.867637E+00 -1.518737E+00
D 4 0 0   1.229877E+03
D 0 0 2  -2.154263E-01  3.749098E-01  8.287139E-01   
D 0 2 0   3.897802E-01 -3.943080E-01 -8.283024E-01   
D 0 1 1   5.347850E-01  4.966573E-01  1.093291E-01   
D 1 2 0  -2.046162E+01  8.346116E+00     
D 1 0 2  -2.524674E+01  1.185899E+01     
D 1 1 1  -1.496879E+01 -3.074163E+01     
D 2 0 2  -9.683858E+02       
D 2 1 1   6.718191E+01       
D 2 2 0   1.350897E+01       
D 0 1 3   2.050327E+02       
D 0 3 1   3.290653E+02       
D 0 0 4   4.718722E+01       
D 0 4 0  -7.064057E+01       
D 0 2 2  -2.394747E+02       
T 0 1 1  -5.326648E-02       
T 0 0 2   2.761228E-01       
T 0 2 0   1.437412E-01       
T 1 0 0  -2.483065E+00  5.734509E-01     
T 2 0 0  -6.033555E+00
P 0 0 1  -6.453163E-01 -1.370498E-01  2.407263E-01 -5.863077E-02  
P 0 1 0  -3.387389E-01  3.545635E-01 -6.087352E-02  1.131828E-02  
P 1 0 1   5.183242E+00 -1.452658E+00  1.679792E+00
P 1 1 0   2.848368E+00  8.176078E-01 -3.509288E-01
P 2 0 1  -1.076304E+01 -1.339453E+02
P 2 1 0  -1.141117E+02  6.858845E+01
P 3 0 1  -2.798525E+01
P 3 1 0  -4.910034E+02
P 0 0 3   1.229476E+01 -1.116647E+01
P 0 1 2  -1.425811E+01 -2.742787E+01
P 0 2 1  -6.825084E-01 -1.498114E+01
P 0 3 0  -5.884300E+00 -1.023068E+01
P 1 0 3  -1.026114E+02
P 1 1 2  -1.118648E+02
P 1 2 1  -1.238305E+02
P 1 3 0  -2.082886E+02
P 0 0 0   1.095769E-04  1.389117E-05 -7.951811E-04  2.789273E-04  
P 1 0 0   4.855840E-03 -2.132031E-03  3.582788E-03
P 2 0 0   2.107254E-01 -4.528732E-01
P 3 0 0  -2.132567E+00
Y 0 0 1   8.070586E-01 -1.091740E+00 -5.470166E-01
Y 0 1 0  -1.157293E+00 -8.013085E-01  1.281155E-01
Y 1 0 1  -3.923683E-01 -7.549986E+00
Y 1 1 0  -1.283210E+01  1.354363E+00
Y 2 0 1   4.260619E+02
Y 2 1 0   3.069844E+02
Y 0 1 2   6.471905E+00
Y 0 2 1   1.554728E+01
Y 0 3 0   1.451858E+01
Y 0 0 3   9.047699E+00
L 0 0 0 0  25.713
L 1 0 0 0  0.1650
L 2 0 0 0 -0.05
L 0 1 0 0 -11.6554
L 0 2 0 0 -9.4951
XF 1 0 0 0 0 -2.181E+00
XF 0 1 0 0 0 -1.980E-01
XF 0 0 0 0 1  1.191E+01
TF 1 0 0 0 0 -1.000E-01
TF 0 1 0 0 0 -4.690E-01
TF 0 0 0 0 1  1.967E+00
PF 0 0 1 0 0  3.630E-01
PF 0 0 0 1 0 -0.902E+00
YF 0 0 1 0 0 -5.950E-01
YF 0 0 0 1 0 -1.274E+00

--------[ 2017-11-20 15:00:00 -0500 ]
L.vdc.u1.tdc.offsets=
1843.3 1843.3 1843.3 1843.3 1843.3 1843.3 1843.3 1843.3 
1843.3 1843.3 1843.3 1843.3 1843.3 1843.3 1843.3 1843.3 
1838.8 1838.8 1838.8 1838.8 1838.8 1838.8 1838.8 1838.8 
1838.8 1838.8 1838.8 1838.8 1838.8 1838.8 1838.8 1838.8 
1842.7 1842.7 1842.7 1842.7 1842.7 1842.7 1842.7 1842.7 
1842.7 1842.7 1842.7 1842.7 1842.7 1842.7 1842.7 1842.7 
1836.7 1836.7 1836.7 1836.7 1836.7 1836.7 1836.7 1836.7 
1836.7 1836.7 1836.7 1836.7 1836.7 1836.7 1836.7 1836.7 
1836.8 1836.8 1836.8 1836.8 1836.8 1836.8 1836.8 1836.8 
1836.8 1836.8 1836.8 1836.8 1836.8 1836.8 1836.8 1836.8 
1837.1 1837.1 1837.1 1837.1 1837.1 1837.1 1837.1 1837.1 
1837.1 1837.1 1837.1 1837.1 1837.1 1837.1 1837.1 1837.1 
1840.5 1840.5 1840.5 1840.5 1840.5 1840.5 1840.5 1840.5 
1840.5 1840.5 1840.5 1840.5 1840.5 1840.5 1840.5 1840.5 
1833.4 1833.4 1833.4 1833.4 1833.4 1833.4 1833.4 1833.4 
1833.4 1833.4 1833.4 1833.4 1833.4 1833.4 1833.4 1833.4 
1834.1 1834.1 1834.1 1834.1 1834.1 1834.1 1834.1 1834.1 
1834.1 1834.1 1834.1 1834.1 1834.1 1834.1 1834.1 1834.1 
1836.3 1836.3 1836.3 1836.3 1836.3 1836.3 1836.3 1836.3 
1836.3 1836.3 1836.3 1836.3 1836.3 1836.3 1836.3 1836.3 
1831.7 1831.7 1831.7 1831.7 1831.7 1831.7 1831.7 1831.7 
1831.7 1831.7 1831.7 1831.7 1831.7 1831.7 1831.7 1831.7 
1832.4 1832.4 1832.4 1832.4 1832.4 1832.4 1832.4 1832.4 
1832.4 1832.4 1832.4 1832.4 1832.4 1832.4 1832.4 1832.4 
1836.5 1836.5 1836.5 1836.5 1836.5 1836.5 1836.5 1836.5 
1836.5 1836.5 1836.5 1836.5 1836.5 1836.5 1836.5 1836.5 
1834.6 1834.6 1834.6 1834.6 1834.6 1834.6 1834.6 1834.6 
1834.6 1834.6 1834.6 1834.6 1834.6 1834.6 1834.6 1834.6 
1834.6 1834.6 1834.6 1834.6 1834.6 1834.6 1834.6 1834.6 
1834.6 1834.6 1834.6 1834.6 1834.6 1834.6 1834.6 1834.6 
1827.8 1827.8 1827.8 1827.8 1827.8 1827.8 1827.8 1827.8 
1827.8 1827.8 1827.8 1827.8 1827.8 1827.8 1827.8 1827.8 
1832.3 1832.3 1832.3 1832.3 1832.3 1832.3 1832.3 1832.3 
1832.3 1832.3 1832.3 1832.3 1832.3 1832.3 1832.3 1832.3 
1830.5 1830.5 1830.5 1830.5 1830.5 1830.5 1830.5 1830.5 
1830.5 1830.5 1830.5 1830.5 1830.5 1830.5 1830.5 1830.5 
1830.4 1830.4 1830.4 1830.4 1830.4 1830.4 1830.4 1830.4 
1830.4 1830.4 1830.4 1830.4 1830.4 1830.4 1830.4 1830.4 
1827.3 1827.3 1827.3 1827.3 1827.3 1827.3 1827.3 1827.3 
1827.3 1827.3 1827.3 1827.3 1827.3 1827.3 1827.3 1827.3 
1833.3 1833.3 1833.3 1833.3 1833.3 1833.3 1833.3 1833.3 
1833.3 1833.3 1833.3 1833.3 1833.3 1833.3 1833.3 1833.3 
1825.4 1825.4 1825.4 1825.4 1825.4 1825.4 1825.4 1825.4 
1825.4 1825.4 1825.4 1825.4 1825.4 1825.4 1825.4 1825.4 
1825.4 1825.4 1825.4 1825.4 1825.4 1825.4 1825.4 1825.4 
1825.4 1825.4 1825.4 1825.4 1825.4 1825.4 1825.4 1825.4 

L.vdc.v1.tdc.offsets=
1844.9 1844.9 1844.9 1844.9 1844.9 1844.9 1844.9 1844.9 
1844.9 1844.9 1844.9 1844.9 1844.9 1844.9 1844.9 1844.9 
1843.4 1843.4 1843.4 1843.4 1843.4 1843.4 1843.4 1843.4 
1843.4 1843.4 1843.4 1843.4 1843.4 1843.4 1843.4 1843.4 
1842.6 1842.6 1842.6 1842.6 1842.6 1842.6 1842.6 1842.6 
1842.6 1842.6 1842.6 1842.6 1842.6 1842.6 1842.6 1842.6 
1838.4 1838.4 1838.4 1838.4 1838.4 1838.4 1838.4 1838.4 
1838.4 1838.4 1838.4 1838.4 1838.4 1838.4 1838.4 1838.4 
1842.0 1842.0 1842.0 1842.0 1842.0 1842.0 1842.0 1842.0 
1842.0 1842.0 1842.0 1842.0 1842.0 1842.0 1842.0 1842.0 
1840.7 1840.7 1840.7 1840.7 1840.7 1840.7 1840.7 1840.7 
1840.7 1840.7 1840.7 1840.7 1840.7 1840.7 1840.7 1840.7 
1842.4 1842.4 1842.4 1842.4 1842.4 1842.4 1842.4 1842.4 
1842.4 1842.4 1842.4 1842.4 1842.4 1842.4 1842.4 1842.4 
1841.9 1841.9 1841.9 1841.9 1841.9 1841.9 1841.9 1841.9 
1841.9 1841.9 1841.9 1841.9 1841.9 1841.9 1841.9 1841.9 
1843.2 1843.2 1843.2 1843.2 1843.2 1843.2 1843.2 1843.2 
1843.2 1843.2 1843.2 1843.2 1843.2 1843.2 1843.2 1843.2 
1841.5 1841.5 1841.5 1841.5 1841.5 1841.5 1841.5 1841.5 
1841.5 1841.5 1841.5 1841.5 1841.5 1841.5 1841.5 1841.5 
1842.7 1842.7 1842.7 1842.7 1842.7 1842.7 1842.7 1842.7 
1842.7 1842.7 1842.7 1842.7 1842.7 1842.7 1842.7 1842.7 
1840.3 1840.3 1840.3 1840.3 1840.3 1840.3 1840.3 1840.3 
1840.3 1840.3 1840.3 1840.3 1840.3 1840.3 1840.3 1840.3 
1841.7 1841.7 1841.7 1841.7 1841.7 1841.7 1841.7 1841.7 
1841.7 1841.7 1841.7 1841.7 1841.7 1841.7 1841.7 1841.7 
1835.7 1835.7 1835.7 1835.7 1835.7 1835.7 1835.7 1835.7 
1835.7 1835.7 1835.7 1835.7 1835.7 1835.7 1835.7 1835.7 
1839.8 1839.8 1839.8 1839.8 1839.8 1839.8 1839.8 1839.8 
1839.8 1839.8 1839.8 1839.8 1839.8 1839.8 1839.8 1839.8 
1835.6 1835.6 1835.6 1835.6 1835.6 1835.6 1835.6 1835.6 
1835.6 1835.6 1835.6 1835.6 1835.6 1835.6 1835.6 1835.6 
1837.0 1837.0 1837.0 1837.0 1837.0 1837.0 1837.0 1837.0 
1837.0 1837.0 1837.0 1837.0 1837.0 1837.0 1837.0 1837.0 
1840.3 1840.3 1840.3 1840.3 1840.3 1840.3 1840.3 1840.3 
1840.3 1840.3 1840.3 1840.3 1840.3 1840.3 1840.3 1840.3 
1837.7 1837.7 1837.7 1837.7 1837.7 1837.7 1837.7 1837.7 
1837.7 1837.7 1837.7 1837.7 1837.7 1837.7 1837.7 1837.7 
1837.6 1837.6 1837.6 1837.6 1837.6 1837.6 1837.6 1837.6 
1837.6 1837.6 1837.6 1837.6 1837.6 1837.6 1837.6 1837.6 
1832.2 1832.2 1832.2 1832.2 1832.2 1832.2 1832.2 1832.2 
1832.2 1832.2 1832.2 1832.2 1832.2 1832.2 1832.2 1832.2 
1834.3 1834.3 1834.3 1834.3 1834.3 1834.3 1834.3 1834.3 
1834.3 1834.3 1834.3 1834.3 1834.3 1834.3 1834.3 1834.3 
1834.3 1834.3 1834.3 1834.3 1834.3 1834.3 1834.3 1834.3 
1834.3 1834.3 1834.3 1834.3 1834.3 1834.3 1834.3 1834.3 

L.vdc.u2.tdc.offsets=
1841.7 1841.7 1841.7 1841.7 1841.7 1841.7 1841.7 1841.7 
1841.7 1841.7 1841.7 1841.7 1841.7 1841.7 1841.7 1841.7 
1836.6 1836.6 1836.6 1836.6 1836.6 1836.6 1836.6 1836.6 
1836.6 1836.6 1836.6 1836.6 1836.6 1836.6 1836.6 1836.6 
1835.4 1835.4 1835.4 1835.4 1835.4 1835.4 1835.4 1835.4 
1835.4 1835.4 1835.4 1835.4 1835.4 1835.4 1835.4 1835.4 
1836.9 1836.9 1836.9 1836.9 1836.9 1836.9 1836.9 1836.9 
1836.9 1836.9 1836.9 1836.9 1836.9 1836.9 1836.9 1836.9 
1835.2 1835.2 1835.2 1835.2 1835.2 1835.2 1835.2 1835.2 
1835.2 1835.2 1835.2 1835.2 1835.2 1835.2 1835.2 1835.2 
1830.4 1830.4 1830.4 1830.4 1830.4 1830.4 1830.4 1830.4 
1830.4 1830.4 1830.4 1830.4 1830.4 1830.4 1830.4 1830.4 
1841.3 1841.3 1841.3 1841.3 1841.3 1841.3 1841.3 1841.3 
1841.3 1841.3 1841.3 1841.3 1841.3 1841.3 1841.3 1841.3 
1836.6 1836.6 1836.6 1836.6 1836.6 1836.6 1836.6 1836.6 
1836.6 1836.6 1836.6 1836.6 1836.6 1836.6 1836.6 1836.6 
1839.2 1839.2 1839.2 1839.2 1839.2 1839.2 1839.2 1839.2 
1839.2 1839.2 1839.2 1839.2 1839.2 1839.2 1839.2 1839.2 
1834.2 1834.2 1834.2 1834.2 1834.2 1834.2 1834.2 1834.2 
1834.2 1834.2 1834.2 1834.2 1834.2 1834.2 1834.2 1834.2 
1837.2 1837.2 1837.2 1837.2 1837.2 1837.2 1837.2 1837.2 
1837.2 1837.2 1837.2 1837.2 1837.2 1837.2 1837.2 1837.2 
1836.8 1836.8 1836.8 1836.8 1836.8 1836.8 1836.8 1836.8 
1836.8 1836.8 1836.8 1836.8 1836.8 1836.8 1836.8 1836.8 
1836.6 1836.6 1836.6 1836.6 1836.6 1836.6 1836.6 1836.6 
1836.6 1836.6 1836.6 1836.6 1836.6 1836.6 1836.6 1836.6 
1838.1 1838.1 1838.1 1838.1 1838.1 1838.1 1838.1 1838.1 
1838.1 1838.1 1838.1 1838.1 1838.1 1838.1 1838.1 1838.1 
1840.4 1840.4 1840.4 1840.4 1840.4 1840.4 1840.4 1840.4 
1840.4 1840.4 1840.4 1840.4 1840.4 1840.4 1840.4 1840.4 
1833.7 1833.7 1833.7 1833.7 1833.7 1833.7 1833.7 1833.7 
1833.7 1833.7 1833.7 1833.7 1833.7 1833.7 1833.7 1833.7 
1833.1 1833.1 1833.1 1833.1 1833.1 1833.1 1833.1 1833.1 
1833.1 1833.1 1833.1 1833.1 1833.1 1833.1 1833.1 1833.1 
1831.9 1831.9 1831.9 1831.9 1831.9 1831.9 1831.9 1831.9 
1831.9 1831.9 1831.9 1831.9 1831.9 1831.9 1831.9 1831.9 
1836.4 1836.4 1836.4 1836.4 1836.4 1836.4 1836.4 1836.4 
1836.4 1836.4 1836.4 1836.4 1836.4 1836.4 1836.4 1836.4 
1831.1 1831.1 1831.1 1831.1 1831.1 1831.1 1831.1 1831.1 
1831.1 1831.1 1831.1 1831.1 1831.1 1831.1 1831.1 1831.1 
1832.8 1832.8 1832.8 1832.8 1832.8 1832.8 1832.8 1832.8 
1832.8 1832.8 1832.8 1832.8 1832.8 1832.8 1832.8 1832.8 
1830.3 1830.3 1830.3 1830.3 1830.3 1830.3 1830.3 1830.3 
1830.3 1830.3 1830.3 1830.3 1830.3 1830.3 1830.3 1830.3 
1830.3 1830.3 1830.3 1830.3 1830.3 1830.3 1830.3 1830.3 
1830.3 1830.3 1830.3 1830.3 1830.3 1830.3 1830.3 1830.3 

L.vdc.v2.tdc.offsets=
1848.5 1848.5 1848.5 1848.5 1848.5 1848.5 1848.5 1848.5 
1848.5 1848.5 1848.5 1848.5 1848.5 1848.5 1848.5 1848.5 
1845.8 1845.8 1845.8 1845.8 1845.8 1845.8 1845.8 1845.8 
1845.8 1845.8 1845.8 1845.8 1845.8 1845.8 1845.8 1845.8 
1846.3 1846.3 1846.3 1846.3 1846.3 1846.3 1846.3 1846.3 
1846.3 1846.3 1846.3 1846.3 1846.3 1846.3 1846.3 1846.3 
1845.9 1845.9 1845.9 1845.9 1845.9 1845.9 1845.9 1845.9 
1845.9 1845.9 1845.9 1845.9 1845.9 1845.9 1845.9 1845.9 
1841.9 1841.9 1841.9 1841.9 1841.9 1841.9 1841.9 1841.9 
1841.9 1841.9 1841.9 1841.9 1841.9 1841.9 1841.9 1841.9 
1842.9 1842.9 1842.9 1842.9 1842.9 1842.9 1842.9 1842.9 
1842.9 1842.9 1842.9 1842.9 1842.9 1842.9 1842.9 1842.9 
1846.4 1846.4 1846.4 1846.4 1846.4 1846.4 1846.4 1846.4 
1846.4 1846.4 1846.4 1846.4 1846.4 1846.4 1846.4 1846.4 
1844.4 1844.4 1844.4 1844.4 1844.4 1844.4 1844.4 1844.4 
1844.4 1844.4 1844.4 1844.4 1844.4 1844.4 1844.4 1844.4 
1840.3 1840.3 1840.3 1840.3 1840.3 1840.3 1840.3 1840.3 
1840.3 1840.3 1840.3 1840.3 1840.3 1840.3 1840.3 1840.3 
1841.0 1841.0 1841.0 1841.0 1841.0 1841.0 1841.0 1841.0 
1841.0 1841.0 1841.0 1841.0 1841.0 1841.0 1841.0 1841.0 
1841.9 1841.9 1841.9 1841.9 1841.9 1841.9 1841.9 1841.9 
1841.9 1841.9 1841.9 1841.9 1841.9 1841.9 1841.9 1841.9 
1839.3 1839.3 1839.3 1839.3 1839.3 1839.3 1839.3 1839.3 
1839.3 1839.3 1839.3 1839.3 1839.3 1839.3 1839.3 1839.3 
1846.5 1846.5 1846.5 1846.5 1846.5 1846.5 1846.5 1846.5 
1846.5 1846.5 1846.5 1846.5 1846.5 1846.5 1846.5 1846.5 
1839.6 1839.6 1839.6 1839.6 1839.6 1839.6 1839.6 1839.6 
1839.6 1839.6 1839.6 1839.6 1839.6 1839.6 1839.6 1839.6 
1842.7 1842.7 1842.7 1842.7 1842.7 1842.7 1842.7 1842.7 
1842.7 1842.7 1842.7 1842.7 1842.7 1842.7 1842.7 1842.7 
1839.0 1839.0 1839.0 1839.0 1839.0 1839.0 1839.0 1839.0 
1839.0 1839.0 1839.0 1839.0 1839.0 1839.0 1839.0 1839.0 
1839.3 1839.3 1839.3 1839.3 1839.3 1839.3 1839.3 1839.3 
1839.3 1839.3 1839.3 1839.3 1839.3 1839.3 1839.3 1839.3 
1838.5 1838.5 1838.5 1838.5 1838.5 1838.5 1838.5 1838.5 
1838.5 1838.5 1838.5 1838.5 1838.5 1838.5 1838.5 1838.5 
1838.6 1838.6 1838.6 1838.6 1838.6 1838.6 1838.6 1838.6 
1838.6 1838.6 1838.6 1838.6 1838.6 1838.6 1838.6 1838.6 
1838.3 1838.3 1838.3 1838.3 1838.3 1838.3 1838.3 1838.3 
1838.3 1838.3 1838.3 1838.3 1838.3 1838.3 1838.3 1838.3 
1840.3 1840.3 1840.3 1840.3 1840.3 1840.3 1840.3 1840.3 
1840.3 1840.3 1840.3 1840.3 1840.3 1840.3 1840.3 1840.3 
1839.6 1839.6 1839.6 1839.6 1839.6 1839.6 1839.6 1839.6 
1839.6 1839.6 1839.6 1839.6 1839.6 1839.6 1839.6 1839.6 
1829.4 1829.4 1829.4 1829.4 1829.4 1829.4 1829.4 1829.4 
1829.4 1829.4 1829.4 1829.4 1829.4 1829.4 1829.4 1829.4 

--------[ 2017-12-14 00:00:00 -0500 ]


L.vdc.u1.tdc.offsets=
1878.3 1878.3 1878.3 1878.3 1878.3 1878.3 1878.3 1878.3 
1878.3 1878.3 1878.3 1878.3 1878.3 1878.3 1878.3 1878.3 
1873.7 1873.7 1873.7 1873.7 1873.7 1873.7 1873.7 1873.7 
1873.7 1873.7 1873.7 1873.7 1873.7 1873.7 1873.7 1873.7 
1875.4 1875.4 1875.4 1875.4 1875.4 1875.4 1875.4 1875.4 
1875.4 1875.4 1875.4 1875.4 1875.4 1875.4 1875.4 1875.4 
1873.8 1873.8 1873.8 1873.8 1873.8 1873.8 1873.8 1873.8 
1873.8 1873.8 1873.8 1873.8 1873.8 1873.8 1873.8 1873.8 
1874.6 1874.6 1874.6 1874.6 1874.6 1874.6 1874.6 1874.6 
1874.6 1874.6 1874.6 1874.6 1874.6 1874.6 1874.6 1874.6 
1876.5 1876.5 1876.5 1876.5 1876.5 1876.5 1876.5 1876.5 
1876.5 1876.5 1876.5 1876.5 1876.5 1876.5 1876.5 1876.5 
1880.8 1880.8 1880.8 1880.8 1880.8 1880.8 1880.8 1880.8 
1880.8 1880.8 1880.8 1880.8 1880.8 1880.8 1880.8 1880.8 
1878.0 1878.0 1878.0 1878.0 1878.0 1878.0 1878.0 1878.0 
1878.0 1878.0 1878.0 1878.0 1878.0 1878.0 1878.0 1878.0 
1878.1 1878.1 1878.1 1878.1 1878.1 1878.1 1878.1 1878.1 
1878.1 1878.1 1878.1 1878.1 1878.1 1878.1 1878.1 1878.1 
1875.2 1875.2 1875.2 1875.2 1875.2 1875.2 1875.2 1875.2 
1875.2 1875.2 1875.2 1875.2 1875.2 1875.2 1875.2 1875.2 
1873.1 1873.1 1873.1 1873.1 1873.1 1873.1 1873.1 1873.1 
1873.1 1873.1 1873.1 1873.1 1873.1 1873.1 1873.1 1873.1 
1873.1 1873.1 1873.1 1873.1 1873.1 1873.1 1873.1 1873.1 
1873.1 1873.1 1873.1 1873.1 1873.1 1873.1 1873.1 1873.1 
1880.3 1880.3 1880.3 1880.3 1880.3 1880.3 1880.3 1880.3 
1880.3 1880.3 1880.3 1880.3 1880.3 1880.3 1880.3 1880.3 
1877.0 1877.0 1877.0 1877.0 1877.0 1877.0 1877.0 1877.0 
1877.0 1877.0 1877.0 1877.0 1877.0 1877.0 1877.0 1877.0 
1878.9 1878.9 1878.9 1878.9 1878.9 1878.9 1878.9 1878.9 
1878.9 1878.9 1878.9 1878.9 1878.9 1878.9 1878.9 1878.9 
1876.3 1876.3 1876.3 1876.3 1876.3 1876.3 1876.3 1876.3 
1876.3 1876.3 1876.3 1876.3 1876.3 1876.3 1876.3 1876.3 
1879.6 1879.6 1879.6 1879.6 1879.6 1879.6 1879.6 1879.6 
1879.6 1879.6 1879.6 1879.6 1879.6 1879.6 1879.6 1879.6 
1879.5 1879.5 1879.5 1879.5 1879.5 1879.5 1879.5 1879.5 
1879.5 1879.5 1879.5 1879.5 1879.5 1879.5 1879.5 1879.5 
1881.4 1881.4 1881.4 1881.4 1881.4 1881.4 1881.4 1881.4 
1881.4 1881.4 1881.4 1881.4 1881.4 1881.4 1881.4 1881.4 
1878.2 1878.2 1878.2 1878.2 1878.2 1878.2 1878.2 1878.2 
1878.2 1878.2 1878.2 1878.2 1878.2 1878.2 1878.2 1878.2 
1879.9 1879.9 1879.9 1879.9 1879.9 1879.9 1879.9 1879.9 
1879.9 1879.9 1879.9 1879.9 1879.9 1879.9 1879.9 1879.9 
1877.2 1877.2 1877.2 1877.2 1877.2 1877.2 1877.2 1877.2 
1877.2 1877.2 1877.2 1877.2 1877.2 1877.2 1877.2 1877.2 
1881.8 1881.8 1881.8 1881.8 1881.8 1881.8 1881.8 1881.8 
1881.8 1881.8 1881.8 1881.8 1881.8 1881.8 1881.8 1881.8 

L.vdc.v1.tdc.offsets=
1880.5 1880.5 1880.5 1880.5 1880.5 1880.5 1880.5 1880.5 
1880.5 1880.5 1880.5 1880.5 1880.5 1880.5 1880.5 1880.5 
1877.1 1877.1 1877.1 1877.1 1877.1 1877.1 1877.1 1877.1 
1877.1 1877.1 1877.1 1877.1 1877.1 1877.1 1877.1 1877.1 
1879.0 1879.0 1879.0 1879.0 1879.0 1879.0 1879.0 1879.0 
1879.0 1879.0 1879.0 1879.0 1879.0 1879.0 1879.0 1879.0 
1878.1 1878.1 1878.1 1878.1 1878.1 1878.1 1878.1 1878.1 
1878.1 1878.1 1878.1 1878.1 1878.1 1878.1 1878.1 1878.1 
1880.0 1880.0 1880.0 1880.0 1880.0 1880.0 1880.0 1880.0 
1880.0 1880.0 1880.0 1880.0 1880.0 1880.0 1880.0 1880.0 
1879.0 1879.0 1879.0 1879.0 1879.0 1879.0 1879.0 1879.0 
1879.0 1879.0 1879.0 1879.0 1879.0 1879.0 1879.0 1879.0 
1886.2 1886.2 1886.2 1886.2 1886.2 1886.2 1886.2 1886.2 
1886.2 1886.2 1886.2 1886.2 1886.2 1886.2 1886.2 1886.2 
1885.5 1885.5 1885.5 1885.5 1885.5 1885.5 1885.5 1885.5 
1885.5 1885.5 1885.5 1885.5 1885.5 1885.5 1885.5 1885.5 
1883.8 1883.8 1883.8 1883.8 1883.8 1883.8 1883.8 1883.8 
1883.8 1883.8 1883.8 1883.8 1883.8 1883.8 1883.8 1883.8 
1880.2 1880.2 1880.2 1880.2 1880.2 1880.2 1880.2 1880.2 
1880.2 1880.2 1880.2 1880.2 1880.2 1880.2 1880.2 1880.2 
1882.5 1882.5 1882.5 1882.5 1882.5 1882.5 1882.5 1882.5 
1882.5 1882.5 1882.5 1882.5 1882.5 1882.5 1882.5 1882.5 
1879.6 1879.6 1879.6 1879.6 1879.6 1879.6 1879.6 1879.6 
1879.6 1879.6 1879.6 1879.6 1879.6 1879.6 1879.6 1879.6 
1883.8 1883.8 1883.8 1883.8 1883.8 1883.8 1883.8 1883.8 
1883.8 1883.8 1883.8 1883.8 1883.8 1883.8 1883.8 1883.8 
1882.5 1882.5 1882.5 1882.5 1882.5 1882.5 1882.5 1882.5 
1882.5 1882.5 1882.5 1882.5 1882.5 1882.5 1882.5 1882.5 
1883.6 1883.6 1883.6 1883.6 1883.6 1883.6 1883.6 1883.6 
1883.6 1883.6 1883.6 1883.6 1883.6 1883.6 1883.6 1883.6 
1885.3 1885.3 1885.3 1885.3 1885.3 1885.3 1885.3 1885.3 
1885.3 1885.3 1885.3 1885.3 1885.3 1885.3 1885.3 1885.3 
1886.1 1886.1 1886.1 1886.1 1886.1 1886.1 1886.1 1886.1 
1886.1 1886.1 1886.1 1886.1 1886.1 1886.1 1886.1 1886.1 
1887.6 1887.6 1887.6 1887.6 1887.6 1887.6 1887.6 1887.6 
1887.6 1887.6 1887.6 1887.6 1887.6 1887.6 1887.6 1887.6 
1891.4 1891.4 1891.4 1891.4 1891.4 1891.4 1891.4 1891.4 
1891.4 1891.4 1891.4 1891.4 1891.4 1891.4 1891.4 1891.4 
1887.5 1887.5 1887.5 1887.5 1887.5 1887.5 1887.5 1887.5 
1887.5 1887.5 1887.5 1887.5 1887.5 1887.5 1887.5 1887.5 
1887.7 1887.7 1887.7 1887.7 1887.7 1887.7 1887.7 1887.7 
1887.7 1887.7 1887.7 1887.7 1887.7 1887.7 1887.7 1887.7 
1886.8 1886.8 1886.8 1886.8 1886.8 1886.8 1886.8 1886.8 
1886.8 1886.8 1886.8 1886.8 1886.8 1886.8 1886.8 1886.8 
1887.1 1887.1 1887.1 1887.1 1887.1 1887.1 1887.1 1887.1 
1887.1 1887.1 1887.1 1887.1 1887.1 1887.1 1887.1 1887.1 

L.vdc.u2.tdc.offsets=
1869.5 1869.5 1869.5 1869.5 1869.5 1869.5 1869.5 1869.5 
1869.5 1869.5 1869.5 1869.5 1869.5 1869.5 1869.5 1869.5 
1865.1 1865.1 1865.1 1865.1 1865.1 1865.1 1865.1 1865.1 
1865.1 1865.1 1865.1 1865.1 1865.1 1865.1 1865.1 1865.1 
1865.5 1865.5 1865.5 1865.5 1865.5 1865.5 1865.5 1865.5 
1865.5 1865.5 1865.5 1865.5 1865.5 1865.5 1865.5 1865.5 
1864.8 1864.8 1864.8 1864.8 1864.8 1864.8 1864.8 1864.8 
1864.8 1864.8 1864.8 1864.8 1864.8 1864.8 1864.8 1864.8 
1866.9 1866.9 1866.9 1866.9 1866.9 1866.9 1866.9 1866.9 
1866.9 1866.9 1866.9 1866.9 1866.9 1866.9 1866.9 1866.9 
1864.0 1864.0 1864.0 1864.0 1864.0 1864.0 1864.0 1864.0 
1864.0 1864.0 1864.0 1864.0 1864.0 1864.0 1864.0 1864.0 
1875.9 1875.9 1875.9 1875.9 1875.9 1875.9 1875.9 1875.9 
1875.9 1875.9 1875.9 1875.9 1875.9 1875.9 1875.9 1875.9 
1873.7 1873.7 1873.7 1873.7 1873.7 1873.7 1873.7 1873.7 
1873.7 1873.7 1873.7 1873.7 1873.7 1873.7 1873.7 1873.7 
1872.1 1872.1 1872.1 1872.1 1872.1 1872.1 1872.1 1872.1 
1872.1 1872.1 1872.1 1872.1 1872.1 1872.1 1872.1 1872.1 
1868.3 1868.3 1868.3 1868.3 1868.3 1868.3 1868.3 1868.3 
1868.3 1868.3 1868.3 1868.3 1868.3 1868.3 1868.3 1868.3 
1870.6 1870.6 1870.6 1870.6 1870.6 1870.6 1870.6 1870.6 
1870.6 1870.6 1870.6 1870.6 1870.6 1870.6 1870.6 1870.6 
1869.4 1869.4 1869.4 1869.4 1869.4 1869.4 1869.4 1869.4 
1869.4 1869.4 1869.4 1869.4 1869.4 1869.4 1869.4 1869.4 
1872.8 1872.8 1872.8 1872.8 1872.8 1872.8 1872.8 1872.8 
1872.8 1872.8 1872.8 1872.8 1872.8 1872.8 1872.8 1872.8 
1872.7 1872.7 1872.7 1872.7 1872.7 1872.7 1872.7 1872.7 
1872.7 1872.7 1872.7 1872.7 1872.7 1872.7 1872.7 1872.7 
1874.8 1874.8 1874.8 1874.8 1874.8 1874.8 1874.8 1874.8 
1874.8 1874.8 1874.8 1874.8 1874.8 1874.8 1874.8 1874.8 
1873.0 1873.0 1873.0 1873.0 1873.0 1873.0 1873.0 1873.0 
1873.0 1873.0 1873.0 1873.0 1873.0 1873.0 1873.0 1873.0 
1873.3 1873.3 1873.3 1873.3 1873.3 1873.3 1873.3 1873.3 
1873.3 1873.3 1873.3 1873.3 1873.3 1873.3 1873.3 1873.3 
1872.2 1872.2 1872.2 1872.2 1872.2 1872.2 1872.2 1872.2 
1872.2 1872.2 1872.2 1872.2 1872.2 1872.2 1872.2 1872.2 
1881.2 1881.2 1881.2 1881.2 1881.2 1881.2 1881.2 1881.2 
1881.2 1881.2 1881.2 1881.2 1881.2 1881.2 1881.2 1881.2 
1876.3 1876.3 1876.3 1876.3 1876.3 1876.3 1876.3 1876.3 
1876.3 1876.3 1876.3 1876.3 1876.3 1876.3 1876.3 1876.3 
1877.4 1877.4 1877.4 1877.4 1877.4 1877.4 1877.4 1877.4 
1877.4 1877.4 1877.4 1877.4 1877.4 1877.4 1877.4 1877.4 
1875.2 1875.2 1875.2 1875.2 1875.2 1875.2 1875.2 1875.2 
1875.2 1875.2 1875.2 1875.2 1875.2 1875.2 1875.2 1875.2 
1875.6 1875.6 1875.6 1875.6 1875.6 1875.6 1875.6 1875.6 
1875.6 1875.6 1875.6 1875.6 1875.6 1875.6 1875.6 1875.6 

L.vdc.v2.tdc.offsets=
1877.4 1877.4 1877.4 1877.4 1877.4 1877.4 1877.4 1877.4 
1877.4 1877.4 1877.4 1877.4 1877.4 1877.4 1877.4 1877.4 
1873.9 1873.9 1873.9 1873.9 1873.9 1873.9 1873.9 1873.9 
1873.9 1873.9 1873.9 1873.9 1873.9 1873.9 1873.9 1873.9 
1875.0 1875.0 1875.0 1875.0 1875.0 1875.0 1875.0 1875.0 
1875.0 1875.0 1875.0 1875.0 1875.0 1875.0 1875.0 1875.0 
1874.5 1874.5 1874.5 1874.5 1874.5 1874.5 1874.5 1874.5 
1874.5 1874.5 1874.5 1874.5 1874.5 1874.5 1874.5 1874.5 
1876.5 1876.5 1876.5 1876.5 1876.5 1876.5 1876.5 1876.5 
1876.5 1876.5 1876.5 1876.5 1876.5 1876.5 1876.5 1876.5 
1875.6 1875.6 1875.6 1875.6 1875.6 1875.6 1875.6 1875.6 
1875.6 1875.6 1875.6 1875.6 1875.6 1875.6 1875.6 1875.6 
1882.4 1882.4 1882.4 1882.4 1882.4 1882.4 1882.4 1882.4 
1882.4 1882.4 1882.4 1882.4 1882.4 1882.4 1882.4 1882.4 
1880.3 1880.3 1880.3 1880.3 1880.3 1880.3 1880.3 1880.3 
1880.3 1880.3 1880.3 1880.3 1880.3 1880.3 1880.3 1880.3 
1878.1 1878.1 1878.1 1878.1 1878.1 1878.1 1878.1 1878.1 
1878.1 1878.1 1878.1 1878.1 1878.1 1878.1 1878.1 1878.1 
1874.9 1874.9 1874.9 1874.9 1874.9 1874.9 1874.9 1874.9 
1874.9 1874.9 1874.9 1874.9 1874.9 1874.9 1874.9 1874.9 
1875.3 1875.3 1875.3 1875.3 1875.3 1875.3 1875.3 1875.3 
1875.3 1875.3 1875.3 1875.3 1875.3 1875.3 1875.3 1875.3 
1874.4 1874.4 1874.4 1874.4 1874.4 1874.4 1874.4 1874.4 
1874.4 1874.4 1874.4 1874.4 1874.4 1874.4 1874.4 1874.4 
1879.2 1879.2 1879.2 1879.2 1879.2 1879.2 1879.2 1879.2 
1879.2 1879.2 1879.2 1879.2 1879.2 1879.2 1879.2 1879.2 
1877.4 1877.4 1877.4 1877.4 1877.4 1877.4 1877.4 1877.4 
1877.4 1877.4 1877.4 1877.4 1877.4 1877.4 1877.4 1877.4 
1878.3 1878.3 1878.3 1878.3 1878.3 1878.3 1878.3 1878.3 
1878.3 1878.3 1878.3 1878.3 1878.3 1878.3 1878.3 1878.3 
1878.4 1878.4 1878.4 1878.4 1878.4 1878.4 1878.4 1878.4 
1878.4 1878.4 1878.4 1878.4 1878.4 1878.4 1878.4 1878.4 
1878.9 1878.9 1878.9 1878.9 1878.9 1878.9 1878.9 1878.9 
1878.9 1878.9 1878.9 1878.9 1878.9 1878.9 1878.9 1878.9 
1878.0 1878.0 1878.0 1878.0 1878.0 1878.0 1878.0 1878.0 
1878.0 1878.0 1878.0 1878.0 1878.0 1878.0 1878.0 1878.0 
1885.2 1885.2 1885.2 1885.2 1885.2 1885.2 1885.2 1885.2 
1885.2 1885.2 1885.2 1885.2 1885.2 1885.2 1885.2 1885.2 
1882.3 1882.3 1882.3 1882.3 1882.3 1882.3 1882.3 1882.3 
1882.3 1882.3 1882.3 1882.3 1882.3 1882.3 1882.3 1882.3 
1884.7 1884.7 1884.7 1884.7 1884.7 1884.7 1884.7 1884.7 
1884.7 1884.7 1884.7 1884.7 1884.7 1884.7 1884.7 1884.7 
1883.5 1883.5 1883.5 1883.5 1883.5 1883.5 1883.5 1883.5 
1883.5 1883.5 1883.5 1883.5 1883.5 1883.5 1883.5 1883.5 
1876.9 1876.9 1876.9 1876.9 1876.9 1876.9 1876.9 1876.9 
1876.9 1876.9 1876.9 1876.9 1876.9 1876.9 1876.9 1876.9 

--------[ 2018-05-03 00:00:00 -0500 ]
L.vdc.u1.tdc.offsets=
1876.6 1876.6 1876.6 1876.6 1876.6 1876.6 1876.6 1876.6 
1876.6 1876.6 1876.6 1876.6 1876.6 1876.6 1876.6 1876.6 
1874.5 1874.5 1874.5 1874.5 1874.5 1874.5 1874.5 1874.5 
1874.5 1874.5 1874.5 1874.5 1874.5 1874.5 1874.5 1874.5 
1874.9 1874.9 1874.9 1874.9 1874.9 1874.9 1874.9 1874.9 
1874.9 1874.9 1874.9 1874.9 1874.9 1874.9 1874.9 1874.9 
1873.4 1873.4 1873.4 1873.4 1873.4 1873.4 1873.4 1873.4 
1873.4 1873.4 1873.4 1873.4 1873.4 1873.4 1873.4 1873.4 
1874.7 1874.7 1874.7 1874.7 1874.7 1874.7 1874.7 1874.7 
1874.7 1874.7 1874.7 1874.7 1874.7 1874.7 1874.7 1874.7 
1877.1 1877.1 1877.1 1877.1 1877.1 1877.1 1877.1 1877.1 
1877.1 1877.1 1877.1 1877.1 1877.1 1877.1 1877.1 1877.1 
1880.5 1880.5 1880.5 1880.5 1880.5 1880.5 1880.5 1880.5 
1880.5 1880.5 1880.5 1880.5 1880.5 1880.5 1880.5 1880.5 
1878.2 1878.2 1878.2 1878.2 1878.2 1878.2 1878.2 1878.2 
1878.2 1878.2 1878.2 1878.2 1878.2 1878.2 1878.2 1878.2 
1878.2 1878.2 1878.2 1878.2 1878.2 1878.2 1878.2 1878.2 
1878.2 1878.2 1878.2 1878.2 1878.2 1878.2 1878.2 1878.2 
1876.1 1876.1 1876.1 1876.1 1876.1 1876.1 1876.1 1876.1 
1876.1 1876.1 1876.1 1876.1 1876.1 1876.1 1876.1 1876.1 
1873.2 1873.2 1873.2 1873.2 1873.2 1873.2 1873.2 1873.2 
1873.2 1873.2 1873.2 1873.2 1873.2 1873.2 1873.2 1873.2 
1872.7 1872.7 1872.7 1872.7 1872.7 1872.7 1872.7 1872.7 
1872.7 1872.7 1872.7 1872.7 1872.7 1872.7 1872.7 1872.7 
1880.7 1880.7 1880.7 1880.7 1880.7 1880.7 1880.7 1880.7 
1880.7 1880.7 1880.7 1880.7 1880.7 1880.7 1880.7 1880.7 
1877.7 1877.7 1877.7 1877.7 1877.7 1877.7 1877.7 1877.7 
1877.7 1877.7 1877.7 1877.7 1877.7 1877.7 1877.7 1877.7 
1878.6 1878.6 1878.6 1878.6 1878.6 1878.6 1878.6 1878.6 
1878.6 1878.6 1878.6 1878.6 1878.6 1878.6 1878.6 1878.6 
1876.2 1876.2 1876.2 1876.2 1876.2 1876.2 1876.2 1876.2 
1876.2 1876.2 1876.2 1876.2 1876.2 1876.2 1876.2 1876.2 
1880.0 1880.0 1880.0 1880.0 1880.0 1880.0 1880.0 1880.0 
1880.0 1880.0 1880.0 1880.0 1880.0 1880.0 1880.0 1880.0 
1880.9 1880.9 1880.9 1880.9 1880.9 1880.9 1880.9 1880.9 
1880.9 1880.9 1880.9 1880.9 1880.9 1880.9 1880.9 1880.9 
1882.3 1882.3 1882.3 1882.3 1882.3 1882.3 1882.3 1882.3 
1882.3 1882.3 1882.3 1882.3 1882.3 1882.3 1882.3 1882.3 
1878.5 1878.5 1878.5 1878.5 1878.5 1878.5 1878.5 1878.5 
1878.5 1878.5 1878.5 1878.5 1878.5 1878.5 1878.5 1878.5 
1877.9 1877.9 1877.9 1877.9 1877.9 1877.9 1877.9 1877.9 
1877.9 1877.9 1877.9 1877.9 1877.9 1877.9 1877.9 1877.9 
1878.7 1878.7 1878.7 1878.7 1878.7 1878.7 1878.7 1878.7 
1878.7 1878.7 1878.7 1878.7 1878.7 1878.7 1878.7 1878.7 
1879.6 1879.6 1879.6 1879.6 1879.6 1879.6 1879.6 1879.6 
1879.6 1879.6 1879.6 1879.6 1879.6 1879.6 1879.6 1879.6 

L.vdc.v1.tdc.offsets=
1882.4 1882.4 1882.4 1882.4 1882.4 1882.4 1882.4 1882.4 
1882.4 1882.4 1882.4 1882.4 1882.4 1882.4 1882.4 1882.4 
1878.9 1878.9 1878.9 1878.9 1878.9 1878.9 1878.9 1878.9 
1878.9 1878.9 1878.9 1878.9 1878.9 1878.9 1878.9 1878.9 
1878.2 1878.2 1878.2 1878.2 1878.2 1878.2 1878.2 1878.2 
1878.2 1878.2 1878.2 1878.2 1878.2 1878.2 1878.2 1878.2 
1877.7 1877.7 1877.7 1877.7 1877.7 1877.7 1877.7 1877.7 
1877.7 1877.7 1877.7 1877.7 1877.7 1877.7 1877.7 1877.7 
1879.8 1879.8 1879.8 1879.8 1879.8 1879.8 1879.8 1879.8 
1879.8 1879.8 1879.8 1879.8 1879.8 1879.8 1879.8 1879.8 
1879.9 1879.9 1879.9 1879.9 1879.9 1879.9 1879.9 1879.9 
1879.9 1879.9 1879.9 1879.9 1879.9 1879.9 1879.9 1879.9 
1886.3 1886.3 1886.3 1886.3 1886.3 1886.3 1886.3 1886.3 
1886.3 1886.3 1886.3 1886.3 1886.3 1886.3 1886.3 1886.3 
1885.5 1885.5 1885.5 1885.5 1885.5 1885.5 1885.5 1885.5 
1885.5 1885.5 1885.5 1885.5 1885.5 1885.5 1885.5 1885.5 
1884.3 1884.3 1884.3 1884.3 1884.3 1884.3 1884.3 1884.3 
1884.3 1884.3 1884.3 1884.3 1884.3 1884.3 1884.3 1884.3 
1880.3 1880.3 1880.3 1880.3 1880.3 1880.3 1880.3 1880.3 
1880.3 1880.3 1880.3 1880.3 1880.3 1880.3 1880.3 1880.3 
1882.9 1882.9 1882.9 1882.9 1882.9 1882.9 1882.9 1882.9 
1882.9 1882.9 1882.9 1882.9 1882.9 1882.9 1882.9 1882.9 
1879.7 1879.7 1879.7 1879.7 1879.7 1879.7 1879.7 1879.7 
1879.7 1879.7 1879.7 1879.7 1879.7 1879.7 1879.7 1879.7 
1884.6 1884.6 1884.6 1884.6 1884.6 1884.6 1884.6 1884.6 
1884.6 1884.6 1884.6 1884.6 1884.6 1884.6 1884.6 1884.6 
1882.1 1882.1 1882.1 1882.1 1882.1 1882.1 1882.1 1882.1 
1882.1 1882.1 1882.1 1882.1 1882.1 1882.1 1882.1 1882.1 
1883.3 1883.3 1883.3 1883.3 1883.3 1883.3 1883.3 1883.3 
1883.3 1883.3 1883.3 1883.3 1883.3 1883.3 1883.3 1883.3 
1885.0 1885.0 1885.0 1885.0 1885.0 1885.0 1885.0 1885.0 
1885.0 1885.0 1885.0 1885.0 1885.0 1885.0 1885.0 1885.0 
1886.0 1886.0 1886.0 1886.0 1886.0 1886.0 1886.0 1886.0 
1886.0 1886.0 1886.0 1886.0 1886.0 1886.0 1886.0 1886.0 
1887.3 1887.3 1887.3 1887.3 1887.3 1887.3 1887.3 1887.3 
1887.3 1887.3 1887.3 1887.3 1887.3 1887.3 1887.3 1887.3 
1891.9 1891.9 1891.9 1891.9 1891.9 1891.9 1891.9 1891.9 
1891.9 1891.9 1891.9 1891.9 1891.9 1891.9 1891.9 1891.9 
1887.0 1887.0 1887.0 1887.0 1887.0 1887.0 1887.0 1887.0 
1887.0 1887.0 1887.0 1887.0 1887.0 1887.0 1887.0 1887.0 
1889.4 1889.4 1889.4 1889.4 1889.4 1889.4 1889.4 1889.4 
1889.4 1889.4 1889.4 1889.4 1889.4 1889.4 1889.4 1889.4 
1887.3 1887.3 1887.3 1887.3 1887.3 1887.3 1887.3 1887.3 
1887.3 1887.3 1887.3 1887.3 1887.3 1887.3 1887.3 1887.3 
1886.8 1886.8 1886.8 1886.8 1886.8 1886.8 1886.8 1886.8 
1886.8 1886.8 1886.8 1886.8 1886.8 1886.8 1886.8 1886.8 

L.vdc.u2.tdc.offsets=
1868.4 1868.4 1868.4 1868.4 1868.4 1868.4 1868.4 1868.4 
1868.4 1868.4 1868.4 1868.4 1868.4 1868.4 1868.4 1868.4 
1864.9 1864.9 1864.9 1864.9 1864.9 1864.9 1864.9 1864.9 
1864.9 1864.9 1864.9 1864.9 1864.9 1864.9 1864.9 1864.9 
1865.7 1865.7 1865.7 1865.7 1865.7 1865.7 1865.7 1865.7 
1865.7 1865.7 1865.7 1865.7 1865.7 1865.7 1865.7 1865.7 
1865.8 1865.8 1865.8 1865.8 1865.8 1865.8 1865.8 1865.8 
1865.8 1865.8 1865.8 1865.8 1865.8 1865.8 1865.8 1865.8 
1867.7 1867.7 1867.7 1867.7 1867.7 1867.7 1867.7 1867.7 
1867.7 1867.7 1867.7 1867.7 1867.7 1867.7 1867.7 1867.7 
1864.1 1864.1 1864.1 1864.1 1864.1 1864.1 1864.1 1864.1 
1864.1 1864.1 1864.1 1864.1 1864.1 1864.1 1864.1 1864.1 
1875.9 1875.9 1875.9 1875.9 1875.9 1875.9 1875.9 1875.9 
1875.9 1875.9 1875.9 1875.9 1875.9 1875.9 1875.9 1875.9 
1874.5 1874.5 1874.5 1874.5 1874.5 1874.5 1874.5 1874.5 
1874.5 1874.5 1874.5 1874.5 1874.5 1874.5 1874.5 1874.5 
1873.1 1873.1 1873.1 1873.1 1873.1 1873.1 1873.1 1873.1 
1873.1 1873.1 1873.1 1873.1 1873.1 1873.1 1873.1 1873.1 
1868.9 1868.9 1868.9 1868.9 1868.9 1868.9 1868.9 1868.9 
1868.9 1868.9 1868.9 1868.9 1868.9 1868.9 1868.9 1868.9 
1870.9 1870.9 1870.9 1870.9 1870.9 1870.9 1870.9 1870.9 
1870.9 1870.9 1870.9 1870.9 1870.9 1870.9 1870.9 1870.9 
1869.9 1869.9 1869.9 1869.9 1869.9 1869.9 1869.9 1869.9 
1869.9 1869.9 1869.9 1869.9 1869.9 1869.9 1869.9 1869.9 
1873.1 1873.1 1873.1 1873.1 1873.1 1873.1 1873.1 1873.1 
1873.1 1873.1 1873.1 1873.1 1873.1 1873.1 1873.1 1873.1 
1872.6 1872.6 1872.6 1872.6 1872.6 1872.6 1872.6 1872.6 
1872.6 1872.6 1872.6 1872.6 1872.6 1872.6 1872.6 1872.6 
1875.9 1875.9 1875.9 1875.9 1875.9 1875.9 1875.9 1875.9 
1875.9 1875.9 1875.9 1875.9 1875.9 1875.9 1875.9 1875.9 
1872.8 1872.8 1872.8 1872.8 1872.8 1872.8 1872.8 1872.8 
1872.8 1872.8 1872.8 1872.8 1872.8 1872.8 1872.8 1872.8 
1873.6 1873.6 1873.6 1873.6 1873.6 1873.6 1873.6 1873.6 
1873.6 1873.6 1873.6 1873.6 1873.6 1873.6 1873.6 1873.6 
1872.8 1872.8 1872.8 1872.8 1872.8 1872.8 1872.8 1872.8 
1872.8 1872.8 1872.8 1872.8 1872.8 1872.8 1872.8 1872.8 
1881.3 1881.3 1881.3 1881.3 1881.3 1881.3 1881.3 1881.3 
1881.3 1881.3 1881.3 1881.3 1881.3 1881.3 1881.3 1881.3 
1876.9 1876.9 1876.9 1876.9 1876.9 1876.9 1876.9 1876.9 
1876.9 1876.9 1876.9 1876.9 1876.9 1876.9 1876.9 1876.9 
1878.6 1878.6 1878.6 1878.6 1878.6 1878.6 1878.6 1878.6 
1878.6 1878.6 1878.6 1878.6 1878.6 1878.6 1878.6 1878.6 
1875.7 1875.7 1875.7 1875.7 1875.7 1875.7 1875.7 1875.7 
1875.7 1875.7 1875.7 1875.7 1875.7 1875.7 1875.7 1875.7 
1876.1 1876.1 1876.1 1876.1 1876.1 1876.1 1876.1 1876.1 
1876.1 1876.1 1876.1 1876.1 1876.1 1876.1 1876.1 1876.1 

L.vdc.v2.tdc.offsets=
1877.8 1877.8 1877.8 1877.8 1877.8 1877.8 1877.8 1877.8 
1877.8 1877.8 1877.8 1877.8 1877.8 1877.8 1877.8 1877.8 
1874.8 1874.8 1874.8 1874.8 1874.8 1874.8 1874.8 1874.8 
1874.8 1874.8 1874.8 1874.8 1874.8 1874.8 1874.8 1874.8 
1874.5 1874.5 1874.5 1874.5 1874.5 1874.5 1874.5 1874.5 
1874.5 1874.5 1874.5 1874.5 1874.5 1874.5 1874.5 1874.5 
1873.4 1873.4 1873.4 1873.4 1873.4 1873.4 1873.4 1873.4 
1873.4 1873.4 1873.4 1873.4 1873.4 1873.4 1873.4 1873.4 
1877.3 1877.3 1877.3 1877.3 1877.3 1877.3 1877.3 1877.3 
1877.3 1877.3 1877.3 1877.3 1877.3 1877.3 1877.3 1877.3 
1875.7 1875.7 1875.7 1875.7 1875.7 1875.7 1875.7 1875.7 
1875.7 1875.7 1875.7 1875.7 1875.7 1875.7 1875.7 1875.7 
1882.4 1882.4 1882.4 1882.4 1882.4 1882.4 1882.4 1882.4 
1882.4 1882.4 1882.4 1882.4 1882.4 1882.4 1882.4 1882.4 
1880.4 1880.4 1880.4 1880.4 1880.4 1880.4 1880.4 1880.4 
1880.4 1880.4 1880.4 1880.4 1880.4 1880.4 1880.4 1880.4 
1878.0 1878.0 1878.0 1878.0 1878.0 1878.0 1878.0 1878.0 
1878.0 1878.0 1878.0 1878.0 1878.0 1878.0 1878.0 1878.0 
1875.2 1875.2 1875.2 1875.2 1875.2 1875.2 1875.2 1875.2 
1875.2 1875.2 1875.2 1875.2 1875.2 1875.2 1875.2 1875.2 
1875.6 1875.6 1875.6 1875.6 1875.6 1875.6 1875.6 1875.6 
1875.6 1875.6 1875.6 1875.6 1875.6 1875.6 1875.6 1875.6 
1874.8 1874.8 1874.8 1874.8 1874.8 1874.8 1874.8 1874.8 
1874.8 1874.8 1874.8 1874.8 1874.8 1874.8 1874.8 1874.8 
1879.6 1879.6 1879.6 1879.6 1879.6 1879.6 1879.6 1879.6 
1879.6 1879.6 1879.6 1879.6 1879.6 1879.6 1879.6 1879.6 
1876.8 1876.8 1876.8 1876.8 1876.8 1876.8 1876.8 1876.8 
1876.8 1876.8 1876.8 1876.8 1876.8 1876.8 1876.8 1876.8 
1879.1 1879.1 1879.1 1879.1 1879.1 1879.1 1879.1 1879.1 
1879.1 1879.1 1879.1 1879.1 1879.1 1879.1 1879.1 1879.1 
1878.2 1878.2 1878.2 1878.2 1878.2 1878.2 1878.2 1878.2 
1878.2 1878.2 1878.2 1878.2 1878.2 1878.2 1878.2 1878.2 
1878.6 1878.6 1878.6 1878.6 1878.6 1878.6 1878.6 1878.6 
1878.6 1878.6 1878.6 1878.6 1878.6 1878.6 1878.6 1878.6 
1878.9 1878.9 1878.9 1878.9 1878.9 1878.9 1878.9 1878.9 
1878.9 1878.9 1878.9 1878.9 1878.9 1878.9 1878.9 1878.9 
1885.8 1885.8 1885.8 1885.8 1885.8 1885.8 1885.8 1885.8 
1885.8 1885.8 1885.8 1885.8 1885.8 1885.8 1885.8 1885.8 
1882.2 1882.2 1882.2 1882.2 1882.2 1882.2 1882.2 1882.2 
1882.2 1882.2 1882.2 1882.2 1882.2 1882.2 1882.2 1882.2 
1883.5 1883.5 1883.5 1883.5 1883.5 1883.5 1883.5 1883.5 
1883.5 1883.5 1883.5 1883.5 1883.5 1883.5 1883.5 1883.5 
1883.9 1883.9 1883.9 1883.9 1883.9 1883.9 1883.9 1883.9 
1883.9 1883.9 1883.9 1883.9 1883.9 1883.9 1883.9 1883.9 
1877.7 1877.7 1877.7 1877.7 1877.7 1877.7 1877.7 1877.7 
1877.7 1877.7 1877.7 1877.7 1877.7 1877.7 1877.7 1877.7 

# optics from GMp (ver 2016.09) with optimized ytar using 11 foils
L.vdc.matrixelem =  
t 0 0 0  -1.001135e+00 -3.313373e-01 -4.290819e-02  4.470852e-03
y 0 0 0  -8.060915e-03  1.071977e-03  9.019102e-04 -3.239615e-04
p 0 0 0  -2.861912e-03 -2.469069e-03  8.427172e-03  2.274635e-03
D 0 0 0  8.408810E-04 8.442057E-02 9.449486E-03 1.401268E-03 5.804766E-03
D 1 0 0  -6.863472E-02 2.633718E-01 1.096637E-02 -7.253321E-02
D 2 0 0  -8.709827E-01 1.083691E+00 1.003629E+00
D 3 0 0  5.867637E+00 -1.518737E+00
D 4 0 0  1.229877E+03
D 0 0 2  -2.154263E-01 3.749098E-01 8.287139E-01
D 0 2 0  3.897802E-01 -3.943080E-01 -8.283024E-01
D 0 1 1  5.347850E-01 4.966573E-01 1.093291E-01
D 1 2 0  -2.046162E+01 8.346116E+00
D 1 0 2  -2.524674E+01 1.185899E+01
D 1 1 1  -1.496879E+01 -3.074163E+01
D 2 0 2  -9.683858E+02
D 2 1 1  6.718191E+01
D 2 2 0  1.350897E+01
D 0 1 3  2.050327E+02
D 0 3 1  3.290653E+02
D 0 0 4  4.718722E+01
D 0 4 0  -7.064057E+01
D 0 2 2  -2.394747E+02
T 0 1 1  -5.326648E-02
T 0 0 2  2.761228E-01
T 0 2 0  1.437412E-01
T 1 0 0  -2.483065E+00 5.734509E-01
T 2 0 0  -6.033555E+00
P 0 0 1  -6.453163E-01 -1.370498E-01 2.407263E-01 -5.863077E-02
P 0 1 0  -3.387389E-01 3.545635E-01 -6.087352E-02 1.131828E-02
P 1 0 1  5.183242E+00 -1.452658E+00 1.679792E+00
P 1 1 0  2.848368E+00 8.176078E-01 -3.509288E-01
P 2 0 1  -1.076304E+01 -1.339453E+02
P 2 1 0  -1.141117E+02 6.858845E+01
P 3 0 1  -2.798525E+01
P 3 1 0  -4.910034E+02
P 0 0 3  1.229476E+01 -1.116647E+01
P 0 1 2  -1.425811E+01 -2.742787E+01
P 0 2 1  -6.825084E-01 -1.498114E+01
P 0 3 0  -5.884300E+00 -1.023068E+01
P 1 0 3  -1.026114E+02
P 1 1 2  -1.118648E+02
P 1 2 1  -1.238305E+02
P 1 3 0  -2.082886E+02
P 0 0 0  1.095769E-04 1.389117E-05 -7.951811E-04 2.789273E-04
P 1 0 0  4.855840E-03 -2.132031E-03 3.582788E-03
P 2 0 0  2.107254E-01 -4.528732E-01
P 3 0 0  -2.132567E+00
Y 0 0 1  7.718169E-01 -1.091317E+00 -5.743573E-01
Y 0 1 0  -1.144779E+00 -7.836855E-01 1.267043E-01
Y 1 0 1  -7.129719E-01 -6.824180E+00
Y 1 1 0  -1.287153E+01 1.021388E+00
Y 2 0 1  4.197006E+02
Y 2 1 0  2.731020E+02
Y 0 1 2  2.545662E+01
Y 0 2 1  1.681826E+01
Y 0 3 0  2.492641E+01
Y 0 0 3  1.626668E+01
L 0 0 0 0  25.713
L 1 0 0 0  0.1650
L 2 0 0 0 -0.05
L 0 1 0 0 -11.6554
L 0 2 0 0 -9.4951

