--------[ 2017-03-01 00:00:00 -0500 ]

L.prl2.detmap =
    3  18   0  15
    3  20  34  34
    3  19  32  47
    3  20  35  35
L.prl2.position = -0.11  0.015  4.77
L.prl2.size = 1.275  0.325  0.15
L.prl2.ncols = 2
L.prl2.nrows = 17
L.prl2.xy = 1.15  0.1625
L.prl2.dxdy = -0.15  -0.325
L.prl2.emin = 11
L.prl2.pedestals =
   444.194
   505.063
   503.127
   282.691
   356.561
   570.244
   419.157
    502.51
   390.906
   324.644
   383.516
   473.741
   539.861
   518.936
   477.923
   563.482
   294.451
   535.851
   538.722
   495.066
   503.127
   574.386
   493.506
   542.668
   535.276
    498.19
   500.901
   536.397
   499.258
   614.899
   552.014
   533.392
   583.884
   239.322
L.prl2.gains =
        1.02255
        1.41637
        1.43948
        1.40156
        1.56998
        1.28806
        1.38925
        1.38945
        1.50877
        1.39571
        1.48359
        1.22421
        1.39088
        1.38413
        1.20181
        1.39253
        1.45172
        1.85783
        1.50668
        1.60255
        1.43061
        1.54083
        1.44046
        1.64069
        1.40874
        1.61354
        1.46192
        1.28326
        1.33953
         1.4262
        1.25843
        1.70988
        1.60186
        1.63216
